20 20
-01 -01 -01 -01 -01 -01 -01 -01 -01 -01 -01 -01 -01 -01 -01 -01 -01 -01 -01 -01
-01 -01 -01 -01 -01 -01 -01 -01 -01 -01 -01 -01 -01 -01 -01 -01 -01 -01 -01 -01
-01 -01 144 145 -01 -01 -01 -01 -01 -01 -01 -01 -01 -01 -01 -01 -01 -01 -01 -01
-01 -01 -01 -01 -01 -01 -01 -01 -01 -01 -01 -01 -01 -01 -01 -01 -01 -01 -01 -01
-01 -01 -01 -01 -01 -01 -01 -01 -01 -01 -01 -01 -01 -01 -01 -01 -01 -01 -01 -01
-01 -01 -01 -01 -01 -01 -01 -01 -01 -01 -01 -01 -01 -01 -01 -01 -01 -01 -01 -01
-01 -01 -01 -01 -01 -01 -01 -01 -01 -01 -01 -01 -01 -01 -01 -01 -01 -01 -01 -01
-01 -01 -01 -01 -01 -01 -01 -01 -01 -01 -01 -01 076 077 078 079 -01 -01 -01 -01
-01 -01 -01 -01 -01 -01 -01 -01 -01 -01 -01 -01 092 093 094 095 -01 -01 -01 -01
-01 -01 -01 -01 -01 -01 -01 -01 -01 -01 -01 -01 108 109 110 111 -01 -01 -01 -01
-01 -01 -01 -01 -01 -01 -01 -01 -01 -01 -01 -01 -01 -01 -01 -01 -01 -01 -01 -01
-01 -01 -01 -01 -01 -01 -01 -01 -01 -01 -01 -01 -01 -01 -01 -01 -01 -01 -01 -01
-01 -01 -01 -01 -01 -01 -01 -01 -01 -01 -01 -01 -01 -01 -01 -01 -01 -01 -01 -01
-01 -01 -01 -01 -01 -01 -01 -01 -01 -01 -01 -01 -01 -01 -01 -01 -01 -01 -01 -01
-01 -01 -01 -01 -01 -01 -01 -01 -01 -01 -01 -01 -01 -01 -01 -01 -01 -01 -01 -01
-01 -01 -01 -01 -01 -01 -01 -01 -01 -01 -01 -01 -01 -01 -01 -01 -01 -01 -01 -01
-01 -01 -01 -01 -01 -01 -01 -01 -01 -01 -01 -01 -01 -01 -01 -01 -01 -01 -01 -01
-01 -01 -01 -01 -01 -01 -01 -01 -01 -01 -01 -01 -01 -01 -01 -01 -01 -01 -01 -01
-01 -01 -01 -01 -01 -01 -01 -01 -01 -01 -01 -01 -01 -01 -01 -01 -01 -01 -01 -01
-01 -01 -01 -01 -01 -01 -01 -01 -01 -01 -01 -01 -01 -01 -01 -01 -01 -01 -01 -01